
Resp charges for organic molecule                                               

iqopt   irstrnt  ihfree     qwt
  2      1      1        0.001000

 rel.rms   dipole mom       Qxx      Qyy      Qzz
    0.02984  63.65475-572.24026 364.11149 208.12877

          Point charges before & after optimization
    NO   At.No.    q0           q(opt)   IVARY  d(rstr)/dq 
     1     6   0.506759       0.508186    0    0.001931
     2     6  -0.200965      -0.200965  -99    0.004455
     3     6  -0.194769      -0.194769  -99    0.004567
     4     6  -0.225099      -0.266426    0    0.003514
     5     7  -0.534741      -0.534741  -99    0.001838
     6     6  -0.300574      -0.301247    0    0.003150
     7     6  -0.303427      -0.290609    0    0.003254
     8     6  -0.314365      -0.286048    0    0.003300
     9     6  -0.193507      -0.195629    0    0.004552
    10     7  -0.327007      -0.327007  -99    0.002924
    11     6   0.846663       0.846663  -99    0.001173
    12     6   0.885733       0.885733  -99    0.001122
    13     7  -0.388966      -0.388966  -99    0.002490
    14     6  -0.502312      -0.502312  -99    0.001952
    15     6  -0.495967      -0.495967  -99    0.001976
    16     6  -0.164351      -0.164351  -99    0.005198
    17     6  -0.114669      -0.114669  -99    0.006573
    18     6  -0.400200      -0.443267    0    0.002201
    19     6  -0.330526      -0.361864    0    0.002664
    20     6  -0.327738      -0.350691    0    0.002742
    21     6  -0.406605      -0.476616    0    0.002053
    22     6   0.477119       0.477119  -99    0.002051
    23     6   0.215026       0.215026  -99    0.004217
    24     6   0.091655       0.091655  -99    0.007372
    25     6   0.006264       0.006264  -99    0.009980
    26     8  -0.798916      -0.798916  -99    0.001242
    27     8  -0.794497      -0.794497  -99    0.001249
    28     6  -0.370595      -0.370595  -99    0.002605
    29     6   0.172341       0.172341  -99    0.005019
    30     6   0.068266       0.068266  -99    0.008259
    31     6   0.167780       0.167780  -99    0.005120
    32     8  -0.798916      -0.798916  -99    0.001242
    33     8  -0.794497      -0.794497  -99    0.001249
    34     6   0.133087       0.133087  -99    0.006007
    35     6   0.040547       0.040547  -99    0.009267
    36     6   0.053482       0.053482  -99    0.008818
    37     6   0.082777       0.082777  -99    0.007703
    38     6   0.389014       0.389014  -99    0.002490
    39     6   0.043821       0.043821  -99    0.009159
    40     6   0.167068       0.167068  -99    0.005136
    41     6   0.345084       0.345084  -99    0.002783
    42     7  -0.273816      -0.273816  -99    0.003430
    43    26   1.126061       1.126061  -99    0.000885
    44     1  -0.022250      -0.040930    0    0.000000
    45     1  -0.061663      -0.040930   44    0.000000
    46     1   0.162299       0.162299  -99    0.000000
    47     1   0.190360       0.190360  -99    0.000000
    48     1   0.055569       0.100048    0    0.000000
    49     1   0.099921       0.100048   48    0.000000
    50     1   0.035306       0.022902    0    0.000000
    51     1   0.004850       0.022902   50    0.000000
    52     1   0.174466       0.173159    0    0.000000
    53     1   0.172337       0.173159   52    0.000000
    54     1   0.190481       0.167862    0    0.000000
    55     1   0.180427       0.167862   54    0.000000
    56     1   0.038778       0.054007    0    0.000000
    57     1   0.057040       0.054007   56    0.000000
    58     1   0.367665       0.367665  -99    0.000000
    59     1   0.219262       0.219262  -99    0.000000
    60     1   0.164094       0.164094  -99    0.000000
    61     1   0.156303       0.156303  -99    0.000000
    62     1   0.176585       0.150800    0    0.000000
    63     1   0.091408       0.150800   62    0.000000
    64     1   0.143208       0.150800   62    0.000000
    65     1   0.135011       0.124680    0    0.000000
    66     1   0.116017       0.124680   65    0.000000
    67     1   0.111972       0.124680   65    0.000000
    68     1   0.126227       0.126362    0    0.000000
    69     1   0.113401       0.126362   68    0.000000
    70     1   0.118862       0.126362   68    0.000000
    71     1   0.101783       0.162600    0    0.000000
    72     1   0.195695       0.162600   71    0.000000
    73     1   0.123064       0.162600   71    0.000000

        Statistics of the fitting:
  The initial sum of squares (ssvpot)                    102.131
  The residual sum of squares (chipot)                     0.091
  The std err of estimate (sqrt(chipot/N))               0.00233
  ESP relative RMS (SQRT(chipot/ssvpot))                 0.02984

 Dipole Moment (Debye)=  63.65475
