  0.506759 -0.200965 -0.194769 -0.225099 -0.534741 -0.300574 -0.303427 -0.314365
 -0.193507 -0.327007  0.846663  0.885733 -0.388966 -0.502312 -0.495967 -0.164351
 -0.114669 -0.400200 -0.330526 -0.327738 -0.406605  0.477119  0.215026  0.091655
  0.006264 -0.798916 -0.794497 -0.370595  0.172341  0.068266  0.167780 -0.798916
 -0.794497  0.133087  0.040547  0.053482  0.082777  0.389014  0.043821  0.167068
  0.345084 -0.273816  1.126061 -0.022250 -0.061663  0.162299  0.190360  0.055569
  0.099921  0.035306  0.004850  0.174466  0.172337  0.190481  0.180427  0.038778
  0.057040  0.367665  0.219262  0.164094  0.156303  0.176585  0.091408  0.143208
  0.135011  0.116017  0.111972  0.126227  0.113401  0.118862  0.101783  0.195695
  0.123064
