  0.508186 -0.200965 -0.194769 -0.266426 -0.534741 -0.301247 -0.290609 -0.286048
 -0.195629 -0.327007  0.846663  0.885733 -0.388966 -0.502312 -0.495967 -0.164351
 -0.114669 -0.443267 -0.361864 -0.350691 -0.476616  0.477119  0.215026  0.091655
  0.006264 -0.798916 -0.794497 -0.370595  0.172341  0.068266  0.167780 -0.798916
 -0.794497  0.133087  0.040547  0.053482  0.082777  0.389014  0.043821  0.167068
  0.345084 -0.273816  1.126061 -0.040930 -0.040930  0.162299  0.190360  0.100048
  0.100048  0.022902  0.022902  0.173159  0.173159  0.167862  0.167862  0.054007
  0.054007  0.367665  0.219262  0.164094  0.156303  0.150800  0.150800  0.150800
  0.124680  0.124680  0.124680  0.126362  0.126362  0.126362  0.162600  0.162600
  0.162600
